2 0.1812015625 0.5801041666666666 0.5455421874999999 0.5581395833333332 0.5445734375 0.6266145833333333 0.1802328125 0.6563312499999999
2 0.5639203125 0.5496208333333333 0.8113640625 0.5452791666666666 0.8102265624999999 0.5922625 0.5772734374999999 0.6059041666666667
1 0.17755625 0.5761354166666667 0.2420453125 0.5725604166666667 0.246590625 0.6498562499999999 0.175 0.6604645833333334
1 0.35568125 0.5725604166666667 0.35340937499999997 0.63773125 0.403409375 0.6422770833333333 0.4022734375 0.5664979166666666 0.3511359375 0.574075
1 0.5099437499999999 0.5571979166666666 0.5386359374999999 0.56498125 0.5431812500000001 0.6301520833333334 0.50681875 0.63166875
1 0.5710234375 0.5477270833333333 0.6022734375 0.5452791666666666 0.6056812500000001 0.59529375 0.5818187499999999 0.6059041666666667
1 0.6775562500000001 0.5496208333333333 0.7147734375 0.5513416666666667 0.71818125 0.60135625 0.6829546875 0.6028708333333334
1 0.7769890625 0.5496208333333333 0.8102265624999999 0.5483104166666667 0.8056812499999999 0.5998416666666666 0.78068125 0.5968104166666667
3 0.5994312500000001 0.5553020833333334 0.690909375 0.5483104166666667 0.690909375 0.60135625 0.609090625 0.6043875
3 0.7102265625 0.5496208333333333 0.7852265625 0.5437624999999999 0.7875 0.5922625 0.7079546875 0.59529375
3 0.3991484375 0.5723479166666666 0.5079546875000001 0.5604354166666667 0.5056812500000001 0.6240895833333333 0.4 0.6347
3 0.2329546875 0.57803125 0.3636359375 0.5680125 0.3625 0.63773125 0.24090937499999998 0.6392458333333334
