2 0.2358 0.5790354166666667 0.58948125 0.56740625 0.5914203125 0.6307145833333333 0.23676875000000003 0.6423416666666667
1 0.2375 0.574075 0.29431875 0.56498125 0.2920453125 0.6528875000000001 0.23522656249999999 0.6422770833333333
1 0.39659062500000003 0.5725604166666667 0.3977265625 0.6422770833333333 0.45 0.6362145833333333 0.4454546875 0.57710625 0.39204531249999997 0.5725604166666667
1 0.546590625 0.57710625 0.54431875 0.6301520833333334 0.5909093750000001 0.6301520833333334 0.5897734375 0.57104375
1 0.628409375 0.5543729166666667 0.6590906249999999 0.5543729166666667 0.6602265625 0.61045 0.63181875 0.6119645833333334
1 0.7477265625 0.549825 0.7488640625 0.61045 0.7738640625000001 0.60741875 0.775 0.5528562499999999
1 0.8607953125 0.5496208333333333 0.8920453125 0.5483104166666667 0.890909375 0.6043875 0.8625 0.6028708333333334
3 0.29431875 0.5861999999999999 0.3988640625 0.58316875 0.39431875 0.6407624999999999 0.29090937499999997 0.63773125
3 0.44318125 0.5799249999999999 0.553409375 0.574075 0.55 0.6301520833333334 0.4420453125 0.6301520833333334 0.4420453125 0.5816541666666667
3 0.6647734375 0.5647729166666667 0.75 0.56195 0.7545453125 0.6119645833333334 0.6636359374999999 0.6119645833333334 0.6602265625 0.56498125
3 0.7855109375 0.5628791666666667 0.8625 0.5604354166666667 0.8647734375 0.6059041666666667 0.7795453125 0.6059041666666667
2 0.63181875 0.549825 0.89431875 0.5467937500000001 0.8920453125 0.60741875 0.63181875 0.6119645833333334
