3 0.5361328125 0.6380208333333334 0.533203125 0.578125 0.4384765625 0.5807291666666666 0.4384765625 0.6393229166666666
3 0.28125 0.6536458333333334 0.2783203125 0.5885416666666666 0.38671875 0.5859375 0.3876953125 0.6393229166666666
3 0.65625 0.6197916666666666 0.6572265625 0.5690104166666666 0.73828125 0.56640625 0.73828125 0.60546875
3 0.7705078125 0.6119791666666666 0.771484375 0.5625 0.84765625 0.5598958333333334 0.849609375 0.6067708333333334
1 0.62109375 0.5533854166666666 0.6591796875 0.5481770833333334 0.6572265625 0.6145833333333334 0.61328125 0.6119791666666666
1 0.7353515625 0.5520833333333334 0.7734375 0.5520833333333334 0.7705078125 0.6119791666666666 0.73828125 0.6106770833333334
1 0.84375 0.5520833333333334 0.87890625 0.546875 0.87890625 0.6041666666666666 0.83984375 0.60546875
2 0.6240234375 0.5546875 0.8798828125 0.5416666666666666 0.880859375 0.6067708333333334 0.615234375 0.6145833333333334
1 0.2255859375 0.57421875 0.28515625 0.5703125 0.2841796875 0.6458333333333334 0.2314453125 0.6471354166666666
1 0.3857421875 0.57421875 0.4404296875 0.5677083333333334 0.4384765625 0.6471354166666666 0.3896484375 0.63671875 0.3828125 0.57421875
1 0.53515625 0.57421875 0.5859375 0.5690104166666666 0.5830078125 0.640625 0.53515625 0.6380208333333334
2 0.224609375 0.578125 0.583984375 0.56640625 0.5849609375 0.6354166666666666 0.224609375 0.6497395833333334
