1 0.3984375 0.62421875 0.109375 0.0921875
1 0.696484375 0.596875 0.09609375 0.078125
1 0.957421875 0.562109375 0.08359375 0.06796875
1 0.32890625 0.488671875 0.0671875 0.08671875
1 0.35234375 0.369140625 0.1265625 0.11640625
1 0.5421875 0.463671875 0.059375 0.08046875
1 0.677734375 0.339453125 0.06484375 0.11953125
1 0.578515625 0.3359375 0.05703125 0.078125
1 0.95703125 0.3234375 0.0859375 0.09375
1 0.957421875 0.18828125 0.08359375 0.1328125
1 0.7046875 0.19765625 0.115625 0.1484375
1 0.3859375 0.200390625 0.153125 0.15390625
1 0.7375 0.43984375 0.05625 0.0765625
1 0.92578125 0.432421875 0.0421875 0.08046875
1 0.798046875 0.32265625 0.04921875 0.0765625
2 0.67265625 0.579296875 0.6546875 0.18984375
2 0.640625 0.453125 0.703125 0.165625
2 0.648828125 0.34453125 0.70078125 0.1796875
2 0.64765625 0.19921875 0.6984375 0.1609375
