2 0.17248125 0.5788104166666667 0.5348843750000001 0.5633083333333333 0.5348843750000001 0.6330749999999999 0.1686046875 0.6472874999999999
2 0.5625 0.5477270833333333 0.796590625 0.5422479166666666 0.7954546875 0.5937791666666666 0.5670453125 0.6059041666666667
1 0.1676140625 0.5742416666666668 0.2375 0.57710625 0.23977343750000002 0.6528875000000001 0.16704531250000001 0.66198125
1 0.3480109375 0.5685604166666667 0.3488640625 0.6528875000000001 0.39431875 0.6513708333333333 0.38977343750000004 0.57104375
1 0.49431875 0.5628791666666667 0.49431875 0.6331833333333333 0.5340906249999999 0.6301520833333334 0.53181875 0.5680125 0.49318125 0.5634666666666667
1 0.5625 0.5477270833333333 0.5988640625 0.56195 0.6011359374999999 0.6089333333333333 0.56931875 0.60741875
1 0.6738640625000001 0.5452791666666666 0.6772734375 0.5998416666666666 0.7045453125 0.6089333333333333 0.7 0.5467937500000001
1 0.7698859375 0.53446875 0.7727265625 0.5998416666666666 0.7977265625000001 0.5998416666666666 0.8022734375 0.5437624999999999
3 0.23409062500000002 0.5786229166666667 0.35340937499999997 0.5816541666666667 0.35568125 0.6483395833333333 0.23181875000000002 0.6544020833333334
3 0.3948859375 0.5761354166666667 0.49659062499999995 0.5725604166666667 0.49886406250000004 0.6331833333333333 0.39318125 0.6347
3 0.5980109375 0.5496208333333333 0.68068125 0.5422479166666666 0.6818187499999999 0.5998416666666666 0.5920453125 0.5983250000000001
3 0.6988640625 0.5496208333333333 0.7693187499999999 0.54073125 0.7761359375 0.5983250000000001 0.70568125 0.5968104166666667
