3 0.3366484375 0.3053020833333333 0.328409375 0.40129583333333335 0.48863593749999995 0.37704791666666665 0.48977343749999996 0.29217291666666667
3 0.5440343750000001 0.2901520833333333 0.690909375 0.2739854166666667 0.6897734375 0.36795416666666664 0.5420453125 0.3725 0.54431875 0.28762708333333337
3 0.37272656249999997 0.4194833333333333 0.478409375 0.39675 0.475 0.4710145833333333 0.3704546875 0.48465416666666666
3 0.5454546875 0.40946875 0.6477265625 0.3906875 0.646590625 0.4528270833333333 0.546590625 0.46646666666666664
1 0.26278437499999996 0.30151458333333336 0.3238640625 0.2891416666666667 0.33068125 0.39371875 0.2704546875 0.40432708333333334
1 0.48295468750000003 0.28257499999999997 0.5511359375 0.27095416666666666 0.546590625 0.36795416666666664 0.484090625 0.38007916666666663
1 0.6889203125 0.26174166666666665 0.7363640625000001 0.25882916666666667 0.7329546875 0.3649229166666667 0.684090625 0.36643749999999997 0.6852265625 0.2633770833333334
1 0.484375 0.40189375 0.54431875 0.38765625 0.546590625 0.4634354166666667 0.48068125000000006 0.47252916666666667
1 0.6477265625 0.37916666666666665 0.7011359374999999 0.3785625 0.6920453125 0.4634354166666667 0.6386359374999999 0.4634354166666667
1 0.3125 0.41136458333333337 0.371590625 0.40129583333333335 0.36818125 0.4982958333333333 0.3113640625 0.49981041666666665 0.31818124999999997 0.3982645833333333
