2 0.1928296875 0.57751875 0.536821875 0.5581395833333332 0.537790625 0.6253229166666666 0.1908921875 0.6434104166666667
1 0.19140625 0.5755208333333334 0.2451171875 0.5716145833333334 0.248046875 0.640625 0.1884765625 0.6471354166666666
1 0.3525390625 0.5716145833333334 0.3916015625 0.5703125 0.3974609375 0.6276041666666666 0.3544921875 0.6315104166666666
1 0.494140625 0.5638020833333334 0.5341796875 0.5625 0.5341796875 0.625 0.4892578125 0.6236979166666666
3 0.244140625 0.63671875 0.2431640625 0.5872395833333334 0.349609375 0.5846354166666666 0.3505859375 0.6380208333333334
3 0.4013671875 0.5833333333333334 0.4873046875 0.5807291666666666 0.490234375 0.62890625 0.400390625 0.6328125
3 0.59375 0.55859375 0.6748046875 0.5559895833333334 0.6728515625 0.5989583333333334 0.595703125 0.6041666666666666
3 0.69921875 0.55859375 0.7587890625 0.5559895833333334 0.7587890625 0.59765625 0.6962890625 0.5950520833333334
2 0.5634765625 0.5455729166666666 0.7880859375 0.54296875 0.7890625 0.59375 0.564453125 0.6080729166666666
1 0.560546875 0.5520833333333334 0.59765625 0.5455729166666666 0.59765625 0.60546875 0.5634765625 0.6080729166666666
1 0.673828125 0.5455729166666666 0.7001953125 0.546875 0.7001953125 0.5989583333333334 0.673828125 0.5989583333333334
1 0.759765625 0.5442708333333334 0.7900390625 0.54296875 0.7880859375 0.59765625 0.7548828125 0.59765625
