2 0.2083328125 0.5646 0.536821875 0.5542645833333334 0.537790625 0.6227395833333333 0.2093015625 0.6382437500000001
1 0.2045453125 0.5634666666666667 0.25681875 0.5634666666666667 0.25681875 0.6453083333333333 0.2079546875 0.63773125
1 0.36022656249999996 0.5695291666666668 0.365909375 0.6331833333333333 0.4079546875 0.6286375 0.4102265625 0.55891875
1 0.48863593749999995 0.5496208333333333 0.49431875 0.6149958333333333 0.5363640625 0.6028708333333334 0.5340906249999999 0.5467937500000001 0.4852265625 0.5483104166666667
1 0.5681812500000001 0.5439395833333334 0.6 0.54073125 0.5965906249999999 0.6028708333333334 0.5647734375 0.5998416666666666
1 0.6670453125 0.5452791666666666 0.6681812500000001 0.5937791666666666 0.6920453125 0.5937791666666666 0.6920453125 0.5422479166666666
1 0.7542609375 0.5420458333333333 0.7556812500000001 0.58316875 0.7784093750000001 0.5846854166666666 0.7784093750000001 0.5467937500000001
3 0.25568124999999997 0.57104375 0.36931875000000003 0.57104375 0.3647734375 0.6301520833333334 0.2602265625 0.6271208333333332
3 0.4045453125 0.5786229166666667 0.5022734375 0.5695291666666668 0.5 0.6180270833333333 0.4045453125 0.6240895833333333 0.4 0.5801375
3 0.5965906249999999 0.5553020833333334 0.6670453125 0.5543729166666667 0.66931875 0.5968104166666667 0.5988640625 0.60135625
3 0.6906765625 0.55516875 0.7557046875 0.5538000000000001 0.7584640625 0.594275 0.691071875 0.5984791666666667
