2 0.159884375 0.5801041666666666 0.5387593749999999 0.5620145833333333 0.539728125 0.6356583333333333 0.164728125 0.6524541666666667
2 0.5667609375 0.5458333333333333 0.7931812500000001 0.5452791666666666 0.7988640625000001 0.60135625 0.5704546875000001 0.6043875
1 0.15625 0.5837125000000001 0.2295453125 0.57104375 0.23068125 0.6498562499999999 0.1636359375 0.6604645833333334
1 0.3480109375 0.5666666666666667 0.3454546875 0.64379375 0.3977265625 0.6407624999999999 0.3988640625 0.574075
1 0.49005625 0.5666666666666667 0.4920453125 0.63166875 0.5375 0.6347 0.5363640625 0.56195
1 0.5681812500000001 0.5496208333333333 0.5965906249999999 0.5483104166666667 0.6 0.6028708333333334 0.56931875 0.61045
1 0.68068125 0.5392166666666667 0.6772734375 0.5983250000000001 0.7022734374999999 0.6028708333333334 0.7045453125 0.5513416666666667
1 0.7713062500000001 0.5439395833333334 0.775 0.60135625 0.7977265625000001 0.5998416666666666 0.7977265625000001 0.5452791666666666
3 0.5923296875 0.5553020833333334 0.684090625 0.5483104166666667 0.6852265625 0.5983250000000001 0.59318125 0.60741875
3 0.7045453125 0.5477270833333333 0.7727265625 0.5467937500000001 0.7727265625 0.6028708333333334 0.7045453125 0.5998416666666666
3 0.49857968750000003 0.5666666666666667 0.38977343750000004 0.57104375 0.3875 0.6407624999999999 0.50681875 0.63166875
3 0.35340937499999997 0.5755916666666666 0.221590625 0.5755916666666666 0.22045468750000002 0.64379375 0.3511359375 0.6407624999999999
