2 0.2558140625 0.5723520833333333 0.587209375 0.5594312499999999 0.5833328125 0.6253229166666666 0.2567828125 0.6459958333333333
2 0.6107953125 0.5496208333333333 0.8363640625000001 0.5452791666666666 0.8329546875 0.5937791666666666 0.609090625 0.60135625
1 0.25284062500000004 0.5742416666666668 0.31477343750000003 0.5680125 0.31022656249999997 0.6392458333333334 0.26363593750000003 0.63773125
1 0.415909375 0.5634666666666667 0.4170453125 0.6362145833333333 0.46022656250000005 0.6301520833333334 0.45681874999999994 0.5664979166666666
1 0.553409375 0.5604354166666667 0.5511359375 0.62560625 0.5897734375 0.6271208333333332 0.5897734375 0.5558875000000001
1 0.6113640625000001 0.549825 0.640909375 0.549825 0.6375 0.60135625 0.609090625 0.6043875
1 0.7170453125 0.5604354166666667 0.7238640625 0.5983250000000001 0.740909375 0.5983250000000001 0.7443187499999999 0.549825 0.7125 0.5452791666666666
1 0.8125 0.5439395833333334 0.8386359375 0.5437624999999999 0.834090625 0.5922625 0.8147734375000001 0.5968104166666667
3 0.6363640625 0.5571979166666666 0.71818125 0.5543729166666667 0.7238640625 0.5998416666666666 0.635228125 0.5998416666666666
3 0.7357953125 0.5534083333333334 0.8113640625 0.5513416666666667 0.81818125 0.5922625 0.7375 0.5983250000000001
3 0.455965625 0.5666666666666667 0.553409375 0.56195 0.55568125 0.62560625 0.45568125000000004 0.6301520833333334
3 0.3053984375 0.5723479166666666 0.41818125000000006 0.56195 0.4170453125 0.6286375 0.3079546875 0.63166875
