1 0.2255859375 0.5872395833333334 0.2958984375 0.5846354166666666 0.296875 0.6783854166666666 0.23046875 0.6744791666666666
1 0.4228515625 0.5833333333333334 0.48046875 0.5859375 0.4794921875 0.67578125 0.421875 0.671875
1 0.5888671875 0.5807291666666666 0.6591796875 0.5807291666666666 0.6591796875 0.6666666666666666 0.6337890625 0.6666666666666666 0.603515625 0.6536458333333334
1 0.7060546875 0.5651041666666666 0.75 0.5611979166666666 0.744140625 0.64453125 0.689453125 0.6458333333333334
1 0.861328125 0.5651041666666666 0.9052734375 0.56640625 0.9052734375 0.6432291666666666 0.857421875 0.64453125
3 0.9052734375 0.63671875 0.9052734375 0.5807291666666666 0.9951171875 0.58203125 0.9951171875 0.6302083333333334
3 0.8544921875 0.6354166666666666 0.8564453125 0.58203125 0.75 0.5846354166666666 0.7470703125 0.6497395833333334
3 0.60546875 0.6041666666666666 0.4765625 0.6015625 0.4775390625 0.6692708333333334 0.6025390625 0.66015625
3 0.4208984375 0.6080729166666666 0.296875 0.6041666666666666 0.2939453125 0.671875 0.353515625 0.6666666666666666 0.3876953125 0.6575520833333334 0.4033203125 0.65625 0.412109375 0.66796875
2 0.234375 0.58984375 0.65625 0.5807291666666666 0.65625 0.6666666666666666 0.623046875 0.6666666666666666 0.5908203125 0.6575520833333334 0.552734375 0.6822916666666666 0.427734375 0.67578125 0.38671875 0.65234375 0.3291015625 0.6770833333333334 0.228515625 0.6731770833333334
2 0.6962890625 0.5651041666666666 0.998046875 0.5611979166666666 0.998046875 0.6328125 0.697265625 0.6419270833333334
