1 0.266796875 0.65859375 0.06484375 0.1390625
1 0.46015625 0.66484375 0.0921875 0.1421875
1 0.6421875 0.65546875 0.08125 0.1453125
1 0.419140625 0.206640625 0.02578125 0.05078125
1 0.4796875 0.205859375 0.028125 0.05859375
1 0.53984375 0.205859375 0.0203125 0.05859375
1 0.56015625 0.151953125 0.0140625 0.03515625
1 0.6046875 0.153515625 0.025 0.03828125
1 0.6515625 0.153515625 0.01875 0.04453125
2 0.451953125 0.6640625 0.44453125 0.146875
2 0.477734375 0.205859375 0.13984375 0.06796875
2 0.607421875 0.156640625 0.11171875 0.05703125
