1 0.137109375 0.366015625 0.13046875 0.21640625
1 0.5171875 0.40234375 0.153125 0.1984375
1 0.9 0.415625 0.115625 0.19375
1 0.14765625 0.58046875 0.1171875 0.1640625
1 0.516015625 0.6015625 0.16015625 0.1625
1 0.859375 0.625390625 0.1125 0.16953125
1 0.83359375 0.8109375 0.1140625 0.159375
1 0.500390625 0.79921875 0.16953125 0.1546875
1 0.157421875 0.76875 0.13046875 0.146875
1 0.159765625 0.92734375 0.13515625 0.1453125
1 0.49921875 0.9421875 0.1703125 0.115625
1 0.81875 0.94453125 0.1125 0.1109375
2 0.51484375 0.384765625 0.8921875 0.26328125
2 0.501171875 0.604296875 0.82734375 0.25546875
2 0.496875 0.9171875 0.790625 0.165625
2 0.50078125 0.765625 0.8109375 0.225
