2 0.21545156250000003 0.5850479166666667 0.6185515625 0.5708354166666666 0.6204890625 0.6483541666666667 0.20576093750000002 0.66515
1 0.2073859375 0.5875 0.2772734375 0.58316875 0.2738640625 0.6771354166666667 0.2113640625 0.6725895833333334
1 0.3863640625 0.57803125 0.44772656250000004 0.5786229166666667 0.45 0.66804375 0.390909375 0.6650125
1 0.5511359375 0.57803125 0.6193187499999999 0.5680125 0.6170453124999999 0.6604645833333334 0.55568125 0.65895
1 0.6647734375 0.5515145833333333 0.7068187499999999 0.5543729166666667 0.7079546875 0.6286375 0.6670453125 0.62560625
1 0.7926140625 0.5496208333333333 0.84318125 0.5543729166666667 0.8420453125 0.62560625 0.8102265624999999 0.622575
1 0.9303984375000001 0.5571979166666666 0.975 0.5574041666666666 0.9761359374999999 0.6210583333333334 0.9352265624999999 0.6210583333333334
3 0.27130624999999997 0.65946875 0.26818125 0.6059041666666667 0.390909375 0.5983250000000001 0.3954546875 0.66198125
3 0.44744375 0.595075 0.5568187499999999 0.58923125 0.5579546875 0.6544020833333334 0.44886406250000005 0.66198125
3 0.7045453125 0.5723479166666666 0.8 0.574075 0.8056812499999999 0.6331833333333333 0.703409375 0.63166875
3 0.8394890625 0.5742416666666668 0.934090625 0.57710625 0.9272734375 0.6271208333333332 0.8397734375000001 0.6271208333333332
2 0.6633515625 0.5571979166666666 0.975 0.5558875000000001 0.96931875 0.62560625 0.6636359374999999 0.6331833333333333
