2 0.2684109375 0.5762270833333333 0.588178125 0.5620145833333333 0.5910859375 0.6162791666666667 0.264534375 0.6395354166666666
1 0.265625 0.5761354166666667 0.315909375 0.56498125 0.3125 0.6483395833333333 0.2625 0.6392458333333334
1 0.42045468750000003 0.5628791666666667 0.4227265625 0.6331833333333333 0.465909375 0.63773125 0.45681874999999994 0.5543729166666667
1 0.5511359375 0.5571979166666666 0.5511359375 0.6180270833333333 0.5897734375 0.6240895833333333 0.5897734375 0.56195
1 0.6136359375 0.549825 0.646590625 0.549825 0.6454546875 0.6089333333333333 0.6204546875 0.6089333333333333
1 0.7159093750000001 0.5439395833333334 0.728409375 0.6028708333333334 0.7443187499999999 0.60135625 0.75 0.5558875000000001
1 0.8125 0.5422479166666666 0.8363640625000001 0.549825 0.84318125 0.5922625 0.8193187500000001 0.5983250000000001
2 0.609375 0.5534083333333334 0.8397734375000001 0.5437624999999999 0.8397734375000001 0.5968104166666667 0.6147734375 0.6089333333333333
3 0.3125 0.58560625 0.4227265625 0.5695291666666668 0.42045468750000003 0.6331833333333333 0.3079546875 0.6362145833333333
3 0.4522734375 0.56498125 0.5579546875 0.5634666666666667 0.5579546875 0.6240895833333333 0.45568125000000004 0.6271208333333332
3 0.6363640625 0.5590916666666667 0.725 0.5543729166666667 0.7261359374999999 0.59529375 0.6454546875 0.5983250000000001
3 0.7522734375 0.549825 0.8204546875000001 0.5483104166666667 0.8193187500000001 0.5998416666666666 0.746590625 0.60135625
