1 0.1962890625 0.6145833333333334 0.2880859375 0.6145833333333334 0.28515625 0.73046875 0.193359375 0.7356770833333334
1 0.44921875 0.61328125 0.5263671875 0.609375 0.521484375 0.7135416666666666 0.443359375 0.72265625
1 0.666015625 0.6028645833333334 0.7451171875 0.6002604166666666 0.748046875 0.703125 0.6708984375 0.7083333333333334
1 0.7783203125 0.5833333333333334 0.8330078125 0.578125 0.8291015625 0.6796875 0.7685546875 0.67578125
1 0.9658203125 0.5859375 0.970703125 0.6861979166666666 0.9984375 0.6770833333333334 0.998046875 0.5807291666666666
3 0.2841796875 0.7278645833333334 0.291015625 0.63671875 0.4501953125 0.63671875 0.4482421875 0.7213541666666666 0.43359375 0.7213541666666666 0.4296875 0.6822916666666666 0.38671875 0.6575520833333334 0.328125 0.6783854166666666
3 0.6650390625 0.6236979166666666 0.6708984375 0.6875 0.5947265625 0.6588541666666666 0.5439453125 0.68359375 0.5400390625 0.7161458333333334 0.521484375 0.7174479166666666
2 0.1953125 0.6184895833333334 0.7451171875 0.6067708333333334 0.75 0.7109375 0.6845703125 0.7122395833333334 0.6669921875 0.68359375 0.5869140625 0.6575520833333334 0.55078125 0.6783854166666666 0.5458984375 0.7200520833333334 0.43359375 0.7278645833333334 0.4326171875 0.6770833333333334 0.3935546875 0.6549479166666666 0.3291015625 0.6744791666666666 0.2802734375 0.7265625 0.1962890625 0.734375
3 0.830078125 0.6067708333333334 0.96875 0.6067708333333334 0.96875 0.67578125 0.8232421875 0.6731770833333334
3 0.6337890625 0.64453125 0.52734375 0.6328125 0.5234375 0.7083333333333334 0.54296875 0.7057291666666666 0.55078125 0.6627604166666666
