1 0.440234375 0.818359375 0.03984375 0.06796875
1 0.538671875 0.801953125 0.04921875 0.06015625
1 0.6359375 0.785546875 0.03125 0.06171875
1 0.62578125 0.710546875 0.0296875 0.05859375
1 0.527734375 0.720703125 0.04609375 0.04765625
1 0.42890625 0.736328125 0.0296875 0.05390625
1 0.4375 0.678515625 0.028125 0.05703125
1 0.5421875 0.666015625 0.053125 0.05078125
1 0.637109375 0.653515625 0.03046875 0.05390625
1 0.63125 0.585546875 0.03125 0.05546875
1 0.531640625 0.592578125 0.05078125 0.06015625
1 0.43203125 0.602734375 0.0328125 0.06796875
1 0.420703125 0.525390625 0.03515625 0.06015625
1 0.523046875 0.523828125 0.05859375 0.05703125
1 0.621484375 0.516796875 0.03984375 0.07421875
1 0.63359375 0.442578125 0.0359375 0.06953125
1 0.53203125 0.449609375 0.0515625 0.04921875
1 0.4265625 0.457421875 0.0375 0.06484375
1 0.43203125 0.376171875 0.0359375 0.08046875
1 0.5359375 0.369921875 0.0625 0.05859375
1 0.63359375 0.366796875 0.0390625 0.06171875
1 0.623046875 0.290234375 0.03984375 0.06796875
1 0.51484375 0.288671875 0.0640625 0.07109375
1 0.409375 0.298046875 0.040625 0.07421875
2 0.51171875 0.285546875 0.2609375 0.08046875
2 0.53125 0.367578125 0.246875 0.08203125
2 0.527734375 0.450390625 0.25234375 0.06640625
2 0.52421875 0.520703125 0.2390625 0.06328125
2 0.533203125 0.592578125 0.23515625 0.06015625
2 0.5390625 0.655859375 0.23125 0.04921875
2 0.537890625 0.78984375 0.24453125 0.1015625
