2 0.22788124999999998 0.5889229166666666 0.645515625 0.5747125000000001 0.6464859374999999 0.6548145833333333 0.23175625000000002 0.6729041666666667
1 0.22443125 0.5875 0.29318125 0.58316875 0.29090937499999997 0.67410625 0.23068125 0.6771354166666667
1 0.41761406250000005 0.58560625 0.4170453125 0.66198125 0.48181874999999996 0.6650125 0.4727265625 0.57710625 0.4170453125 0.5801375
1 0.5920453125 0.5801375 0.5920453125 0.6544020833333334 0.646590625 0.646825 0.64318125 0.5816541666666667
1 0.6875 0.5634666666666667 0.7329546875 0.5664979166666666 0.73181875 0.63166875 0.6863640625 0.6392458333333334
1 0.8375 0.56195 0.834090625 0.6347 0.8795453125 0.63166875 0.875 0.5680125
3 0.29119375000000003 0.6026520833333334 0.41818125000000006 0.60135625 0.41477343749999995 0.6604645833333334 0.38977343750000004 0.6544020833333334 0.29772656249999996 0.66198125
3 0.47443125 0.5988645833333333 0.5965906249999999 0.5968104166666667 0.6011359374999999 0.65895 0.46818125000000005 0.66198125
3 0.728409375 0.57710625 0.8375 0.5786229166666667 0.8420453125 0.6331833333333333 0.7272734375 0.6347
3 0.88068125 0.5761354166666667 0.99431875 0.5786229166666667 0.99431875 0.6362145833333333 0.875 0.63773125
