2 0.2073640625 0.57751875 0.5348843750000001 0.5594312499999999 0.5348843750000001 0.6227395833333333 0.1996125 0.64211875
1 0.2017046875 0.5799249999999999 0.25568124999999997 0.5664979166666666 0.2545453125 0.6347 0.2 0.6392458333333334
1 0.35795468750000003 0.5666666666666667 0.36022656249999996 0.6331833333333333 0.40568125000000005 0.63773125 0.403409375 0.5680125
1 0.497159375 0.5534083333333334 0.49886406250000004 0.6331833333333333 0.5375 0.6301520833333334 0.53181875 0.5604354166666667
1 0.5625 0.5458333333333333 0.5977265625 0.5437624999999999 0.59431875 0.6119645833333334 0.565909375 0.6043875
1 0.6676140625 0.5420458333333333 0.671590625 0.60135625 0.6897734375 0.5998416666666666 0.69431875 0.5422479166666666
1 0.7556812500000001 0.5439395833333334 0.759090625 0.5937791666666666 0.7784093750000001 0.58923125 0.7795453125 0.5452791666666666
2 0.5639203125 0.5496208333333333 0.7784093750000001 0.5377 0.7795453125 0.5877166666666667 0.5636359375 0.6089333333333333
3 0.25284062500000004 0.5723479166666666 0.36136406249999997 0.5695291666666668 0.3647734375 0.63773125 0.25568124999999997 0.6392458333333334
3 0.40056875 0.5666666666666667 0.4954546875 0.56498125 0.49886406250000004 0.6301520833333334 0.4022734375 0.62560625
3 0.5988640625 0.549825 0.6681812500000001 0.5452791666666666 0.6761359375 0.59529375 0.5886359375 0.5983250000000001
3 0.6946015625 0.5477270833333333 0.759090625 0.5437624999999999 0.760228125 0.5907479166666667 0.6897734375 0.5861999999999999
