2 0.221590625 0.3053020833333333 0.2261359375 0.39675 0.6011359374999999 0.4073583333333334 0.5977265625 0.31793750000000004
2 0.2230109375 0.4 0.225 0.47404583333333333 0.5920453125 0.48617083333333333 0.5909093750000001 0.3952333333333333
1 0.2272734375 0.29962083333333334 0.2272734375 0.39675 0.2795453125 0.39978125000000003 0.27840937499999996 0.3088458333333334
1 0.375 0.3071979166666667 0.3704546875 0.40584375 0.453409375 0.40281249999999996 0.453409375 0.30429791666666667
1 0.5397734375 0.3185604166666666 0.540909375 0.40129583333333335 0.59431875 0.40584375 0.5875 0.31642291666666666
1 0.231534375 0.40568125 0.23068125 0.4801083333333333 0.29545468750000003 0.4694979166666667 0.296590625 0.40129583333333335
1 0.37642031249999997 0.40568125 0.378409375 0.47556041666666665 0.4375 0.47252916666666667 0.4329546875 0.39675
1 0.5085234375 0.40568125 0.5056812500000001 0.47556041666666665 0.5818187499999999 0.47859166666666664 0.5795453125 0.40281249999999996
3 0.28125 0.3261354166666666 0.27840937499999996 0.38765625 0.37272656249999997 0.3891708333333333 0.371590625 0.33006250000000004
3 0.45170468750000003 0.3375 0.5420453125 0.34067291666666666 0.5386359374999999 0.3906875 0.4511359375 0.38613958333333337 0.45681874999999994 0.336125
3 0.29545468750000003 0.40757499999999997 0.38068124999999997 0.4103895833333333 0.3795453125 0.457375 0.29090937499999997 0.45585833333333337
3 0.43323906250000005 0.40946875 0.515909375 0.41190625000000003 0.5102265625 0.47859166666666664 0.43181875 0.45888958333333335
