3 0.267578125 0.6744791666666666 0.2626953125 0.6041666666666666 0.3818359375 0.5989583333333334 0.3828125 0.65625
3 0.443359375 0.6588541666666666 0.44140625 0.59765625 0.560546875 0.5924479166666666 0.55859375 0.6536458333333334
1 0.197265625 0.5846354166666666 0.267578125 0.5833333333333334 0.2685546875 0.66796875 0.2001953125 0.6731770833333334
1 0.3828125 0.5859375 0.44921875 0.578125 0.44921875 0.6653645833333334 0.4091796875 0.6614583333333334 0.3818359375 0.65234375
1 0.5595703125 0.57421875 0.6171875 0.57421875 0.611328125 0.6588541666666666 0.5546875 0.6536458333333334
2 0.1982421875 0.5859375 0.6162109375 0.5807291666666666 0.615234375 0.65625 0.19140625 0.67578125
2 0.654296875 0.5611979166666666 0.9609375 0.5546875 0.9609375 0.6263020833333334 0.6533203125 0.6302083333333334
1 0.6513671875 0.55859375 0.69921875 0.5546875 0.697265625 0.6315104166666666 0.64453125 0.6302083333333334
1 0.7890625 0.5559895833333334 0.8388671875 0.5572916666666666 0.830078125 0.6263020833333334 0.7939453125 0.6263020833333334
1 0.921875 0.5572916666666666 0.9580078125 0.5572916666666666 0.95703125 0.6302083333333334 0.91796875 0.6263020833333334
3 0.69921875 0.6263020833333334 0.69921875 0.5716145833333334 0.7958984375 0.5703125 0.7998046875 0.6236979166666666
3 0.830078125 0.62109375 0.8330078125 0.5755208333333334 0.9150390625 0.5729166666666666 0.9150390625 0.6223958333333334
