2 0.261628125 0.568475 0.5862406250000001 0.5568479166666667 0.588178125 0.62403125 0.259690625 0.64211875
2 0.609375 0.5458333333333333 0.6113640625000001 0.6165125 0.8397734375000001 0.60135625 0.8420453125 0.5467937500000001
1 0.2585234375 0.5590916666666667 0.31931875 0.5604354166666667 0.315909375 0.6392458333333334 0.2602265625 0.64379375
1 0.41335156250000005 0.5571979166666666 0.409090625 0.6286375 0.46022656250000005 0.63166875 0.459090625 0.55891875 0.41363593749999994 0.5604354166666667
1 0.5525562500000001 0.5571979166666666 0.5454546875 0.6240895833333333 0.5920453125 0.6271208333333332 0.5886359375 0.5452791666666666
1 0.6079546875 0.5458333333333333 0.6056812500000001 0.60741875 0.640909375 0.6089333333333333 0.64318125 0.5483104166666667
1 0.7173296875 0.5496208333333333 0.71931875 0.60135625 0.7454546875 0.6043875 0.7477265625 0.5513416666666667
1 0.8139203125 0.5439395833333334 0.809090625 0.5877166666666667 0.8409093750000001 0.5937791666666666 0.8420453125 0.5437624999999999
3 0.64318125 0.55891875 0.7215906249999999 0.5574041666666666 0.7261359374999999 0.59529375 0.640909375 0.5968104166666667
3 0.7471593750000001 0.5553020833333334 0.8125 0.5574041666666666 0.8170453125 0.59529375 0.7420453124999999 0.5968104166666667
3 0.5568187499999999 0.5609854166666667 0.4636359375 0.57104375 0.4579546875 0.63166875 0.553409375 0.622575
3 0.3125 0.5647729166666667 0.42727343749999996 0.57104375 0.42727343749999996 0.62560625 0.30568125 0.64379375
