2 0.24612343750000001 0.5785874999999999 0.6472875 0.5695437499999999 0.6453484375 0.6548145833333333 0.2451546875 0.6509395833333333
1 0.247159375 0.5799249999999999 0.3011359375 0.5816541666666667 0.3022734375 0.6634958333333334 0.24318125 0.6665270833333333
1 0.41363593749999994 0.57710625 0.48181874999999996 0.5786229166666667 0.47613593749999994 0.671075 0.41818125000000006 0.6634958333333334
1 0.59431875 0.5801375 0.646590625 0.57710625 0.646590625 0.6574333333333333 0.5988640625 0.65591875
1 0.6988640625 0.5590916666666667 0.7375 0.56195 0.7363640625000001 0.6240895833333333 0.69431875 0.6422770833333333
1 0.85 0.56195 0.8920453125 0.5604354166666667 0.8897734375 0.6407624999999999 0.8522734375000001 0.6347
3 0.7400562500000001 0.5837125000000001 0.84318125 0.5786229166666667 0.8522734375000001 0.6331833333333333 0.7397734375 0.6392458333333334
3 0.8892046875 0.5761354166666667 0.9984375 0.5801375 0.996590625 0.64379375 0.8897734375 0.6362145833333333
3 0.30568125 0.6043875 0.4227265625 0.5983250000000001 0.41818125000000006 0.6634958333333334 0.309090625 0.65591875
3 0.48068125000000006 0.5937791666666666 0.5886359375 0.5922625 0.5897734375 0.6604645833333334 0.4738640625 0.6574333333333333
