2 0.2829453125 0.57364375 0.611434375 0.5581395833333332 0.6124031249999999 0.6214479166666667 0.2819765625 0.63695
2 0.6363640625 0.5496208333333333 0.878409375 0.5452791666666666 0.8738640625 0.6028708333333334 0.6420453125 0.6119645833333334
1 0.28125 0.5666666666666667 0.3375 0.56498125 0.3329546875 0.63166875 0.2772734375 0.6422770833333333
1 0.4375 0.5685604166666667 0.43409062499999995 0.6362145833333333 0.475 0.6407624999999999 0.47613593749999994 0.5634666666666667
1 0.5681812500000001 0.5590916666666667 0.56931875 0.6240895833333333 0.6113640625000001 0.6286375 0.6113640625000001 0.5634666666666667
1 0.6306812500000001 0.5534083333333334 0.6636359374999999 0.5543729166666667 0.6647734375 0.6059041666666667 0.6375 0.61045
1 0.75 0.5477270833333333 0.7443187499999999 0.6089333333333333 0.7738640625000001 0.60741875 0.771590625 0.5483104166666667
1 0.8423296875 0.5458333333333333 0.84431875 0.60135625 0.8727265624999999 0.5998416666666666 0.8704546875 0.5483104166666667
3 0.6661937499999999 0.5553020833333334 0.7545453125 0.5513416666666667 0.753409375 0.6028708333333334 0.6704546875 0.60135625
3 0.7769890625 0.5515145833333333 0.8465906249999999 0.5452791666666666 0.8545453125 0.59529375 0.7693187499999999 0.60135625
3 0.5724437499999999 0.5647729166666667 0.46931874999999995 0.5680125 0.4727265625 0.6240895833333333 0.5772734374999999 0.62560625
3 0.33380624999999997 0.5723479166666666 0.4420453125 0.5664979166666666 0.4397734375 0.62560625 0.3329546875 0.6301520833333334
