2 0.189921875 0.57751875 0.5532953125 0.5620145833333333 0.5532953125 0.62790625 0.1967046875 0.6511625
1 0.1875 0.57803125 0.246590625 0.5725604166666667 0.253409375 0.6483395833333333 0.18863593750000002 0.6574333333333333
1 0.35795468750000003 0.5723479166666666 0.359090625 0.6453083333333333 0.4079546875 0.6422770833333333 0.4079546875 0.5634666666666667
1 0.5099437499999999 0.5647729166666667 0.509090625 0.63773125 0.55568125 0.6362145833333333 0.55 0.5634666666666667
1 0.5863640625000001 0.5452791666666666 0.5852265625 0.6119645833333334 0.61818125 0.6089333333333333 0.6170453124999999 0.5437624999999999 0.5863640625000001 0.5377
1 0.696590625 0.5543729166666667 0.7227265625 0.5513416666666667 0.7238640625 0.6043875 0.7022734374999999 0.6059041666666667 0.696590625 0.55891875
1 0.7897734375 0.5458333333333333 0.81818125 0.5422479166666666 0.8204546875000001 0.59529375 0.79431875 0.5922625
2 0.5852265625 0.5452791666666666 0.815909375 0.5437624999999999 0.822728125 0.59529375 0.5886359375 0.6043875
3 0.24886406249999998 0.5846854166666666 0.36136406249999997 0.5846854166666666 0.35795468750000003 0.6483395833333333 0.253409375 0.6453083333333333
3 0.409090625 0.58181875 0.5011359375 0.5786229166666667 0.5022734375 0.6331833333333333 0.40681874999999995 0.6362145833333333
3 0.6150562500000001 0.5647729166666667 0.7 0.5604354166666667 0.7 0.6043875 0.61818125 0.6059041666666667
3 0.7258515625 0.5590916666666667 0.7886359374999999 0.5558875000000001 0.790909375 0.5937791666666666 0.7295453125 0.5998416666666666
