1 0.116015625 0.91640625 0.05078125 0.0359375
1 0.290234375 0.91328125 0.05234375 0.0328125
1 0.453125 0.90859375 0.05 0.0390625
1 0.448828125 0.869921875 0.05078125 0.03984375
1 0.291796875 0.874609375 0.04609375 0.03984375
1 0.130859375 0.879296875 0.04921875 0.03984375
1 0.14296875 0.839453125 0.0515625 0.03828125
1 0.298828125 0.83671875 0.04765625 0.0359375
1 0.45390625 0.8359375 0.0515625 0.034375
1 0.448828125 0.79921875 0.04453125 0.0296875
1 0.287890625 0.80078125 0.04765625 0.0359375
1 0.12265625 0.8015625 0.0515625 0.034375
1 0.141796875 0.75703125 0.04296875 0.0390625
1 0.2984375 0.75546875 0.040625 0.0359375
1 0.45234375 0.755078125 0.0484375 0.03515625
1 0.449609375 0.71875 0.04609375 0.034375
1 0.295703125 0.71640625 0.05078125 0.0328125
1 0.14140625 0.71640625 0.0515625 0.0328125
1 0.14296875 0.675390625 0.0515625 0.03203125
1 0.301953125 0.676953125 0.04765625 0.03203125
1 0.460546875 0.6765625 0.04921875 0.0375
1 0.460546875 0.63359375 0.04296875 0.0359375
1 0.298046875 0.638671875 0.07109375 0.03671875
1 0.12578125 0.63984375 0.0578125 0.0359375
1 0.130078125 0.58828125 0.05703125 0.0390625
1 0.296484375 0.586328125 0.07109375 0.03203125
1 0.462109375 0.585546875 0.05234375 0.03671875
1 0.4625 0.533984375 0.053125 0.03671875
1 0.298828125 0.53984375 0.05078125 0.0359375
1 0.126953125 0.537890625 0.05078125 0.03515625
1 0.113671875 0.489453125 0.05859375 0.04453125
1 0.2921875 0.49375 0.078125 0.0375
1 0.460546875 0.487890625 0.04609375 0.03515625
1 0.455078125 0.442578125 0.05078125 0.03515625
1 0.29609375 0.43984375 0.0578125 0.0359375
1 0.13046875 0.437890625 0.0578125 0.03828125
1 0.13203125 0.387109375 0.0578125 0.03984375
1 0.302734375 0.38671875 0.05234375 0.0359375
1 0.463671875 0.39140625 0.05234375 0.0328125
1 0.61328125 0.410546875 0.0484375 0.03984375
1 0.76953125 0.4125 0.0703125 0.034375
1 0.925 0.416015625 0.05 0.03203125
1 0.912109375 0.46328125 0.04921875 0.0359375
1 0.753515625 0.462890625 0.05703125 0.03515625
1 0.594921875 0.459765625 0.05234375 0.03515625
1 0.596484375 0.504296875 0.04921875 0.03984375
1 0.748828125 0.501953125 0.05390625 0.03203125
1 0.91015625 0.505859375 0.0421875 0.03359375
1 0.899609375 0.551171875 0.05546875 0.03984375
1 0.745703125 0.549609375 0.05390625 0.03984375
1 0.58203125 0.544140625 0.0421875 0.03203125
1 0.58046875 0.59765625 0.0453125 0.0359375
1 0.734375 0.594921875 0.065625 0.03984375
1 0.887890625 0.6015625 0.04140625 0.0375
1 0.88359375 0.64140625 0.0515625 0.0296875
1 0.7375 0.6421875 0.05 0.03125
1 0.587109375 0.640625 0.04921875 0.034375
1 0.59765625 0.685546875 0.0453125 0.03359375
1 0.748046875 0.684375 0.04921875 0.03125
1 0.894921875 0.67890625 0.03984375 0.0359375
1 0.88125 0.723828125 0.05 0.03203125
1 0.734765625 0.72734375 0.05703125 0.0328125
1 0.582421875 0.72578125 0.04609375 0.0359375
1 0.579296875 0.77265625 0.04609375 0.0390625
1 0.73046875 0.7703125 0.0671875 0.040625
1 0.8796875 0.765625 0.05 0.0375
1 0.5765625 0.816015625 0.05 0.04453125
1 0.734375 0.81796875 0.059375 0.0359375
1 0.873828125 0.813671875 0.05703125 0.03984375
1 0.580859375 0.863671875 0.05234375 0.03984375
1 0.734765625 0.858203125 0.06953125 0.03828125
1 0.877734375 0.8546875 0.04609375 0.0375
1 0.565625 0.90234375 0.04375 0.0390625
1 0.713671875 0.9015625 0.04921875 0.040625
1 0.870703125 0.902734375 0.05703125 0.03984375
2 0.2921875 0.379296875 0.403125 0.05546875
2 0.293359375 0.433203125 0.40859375 0.04453125
2 0.287109375 0.484375 0.41171875 0.053125
2 0.29921875 0.531640625 0.3984375 0.05078125
2 0.2953125 0.58046875 0.396875 0.0484375
2 0.292578125 0.6296875 0.38515625 0.053125
2 0.297265625 0.673046875 0.36640625 0.04296875
2 0.290625 0.711328125 0.3625 0.04453125
2 0.29453125 0.75390625 0.3703125 0.0484375
2 0.2921875 0.80078125 0.36875 0.0421875
2 0.2921875 0.837109375 0.359375 0.03984375
2 0.29375 0.8765625 0.371875 0.0375
2 0.28515625 0.915625 0.3890625 0.03125
2 0.768359375 0.402734375 0.35859375 0.04296875
2 0.758203125 0.45625 0.36953125 0.053125
2 0.756640625 0.50234375 0.37265625 0.0453125
2 0.741796875 0.5484375 0.35859375 0.053125
2 0.73828125 0.598046875 0.3515625 0.03984375
2 0.73671875 0.637109375 0.3484375 0.03984375
2 0.741796875 0.677734375 0.33984375 0.04296875
2 0.739453125 0.722265625 0.34140625 0.04140625
2 0.73203125 0.7671875 0.3453125 0.046875
2 0.730078125 0.812890625 0.34453125 0.04453125
2 0.733203125 0.859375 0.34765625 0.053125
2 0.718359375 0.905859375 0.35546875 0.04609375
