2 0.205078125 0.56640625 0.5361328125 0.5546875 0.53515625 0.6197916666666666 0.2060546875 0.6419270833333334
2 0.55859375 0.5481770833333334 0.77734375 0.5416666666666666 0.7802734375 0.5911458333333334 0.5615234375 0.6041666666666666
1 0.201171875 0.5651041666666666 0.26171875 0.5651041666666666 0.265625 0.6419270833333334 0.2060546875 0.6419270833333334
1 0.3564453125 0.5690104166666666 0.40625 0.56640625 0.4052734375 0.6302083333333334 0.3544921875 0.6341145833333334
1 0.4892578125 0.5598958333333334 0.537109375 0.5598958333333334 0.537109375 0.62890625 0.4892578125 0.6263020833333334
1 0.56640625 0.55078125 0.5966796875 0.546875 0.5947265625 0.6015625 0.556640625 0.6028645833333334
1 0.662109375 0.54296875 0.6953125 0.5442708333333334 0.6953125 0.5924479166666666 0.6669921875 0.5963541666666666
1 0.7490234375 0.5416666666666666 0.78125 0.54296875 0.7822265625 0.5924479166666666 0.75390625 0.5924479166666666
3 0.5966796875 0.5950520833333334 0.5966796875 0.5625 0.6630859375 0.55859375 0.6650390625 0.5950520833333334
3 0.6953125 0.5911458333333334 0.6953125 0.5598958333333334 0.7490234375 0.5559895833333334 0.7470703125 0.5885416666666666
3 0.40625 0.6302083333333334 0.408203125 0.5794270833333334 0.4912109375 0.5768229166666666 0.4892578125 0.6184895833333334
3 0.357421875 0.625 0.3583984375 0.5807291666666666 0.26171875 0.5859375 0.26171875 0.6393229166666666
