2 0.2160859375 0.5943145833333333 0.649225 0.57751875 0.65019375 0.6537458333333334 0.215115625 0.6834625
2 0.6818187499999999 0.5628791666666667 0.978409375 0.5543729166666667 0.9795453125 0.6240895833333333 0.6818187499999999 0.63773125
1 0.2144890625 0.595075 0.29090937499999997 0.5861999999999999 0.2897734375 0.6786520833333333 0.21477343750000003 0.6907770833333333
1 0.419034375 0.5875 0.41818125000000006 0.6725895833333334 0.41818125000000006 0.6725895833333334 0.48181874999999996 0.67410625 0.47727343749999995 0.5816541666666667
1 0.6022734375 0.5761354166666667 0.6022734375 0.6604645833333334 0.6511359375 0.6604645833333334 0.6488640625000001 0.57710625
1 0.6747156249999999 0.5628791666666667 0.7215906249999999 0.55891875 0.7170453125 0.62560625 0.6795453124999999 0.6347
1 0.81818125 0.5590916666666667 0.8193187500000001 0.6286375 0.8522734375000001 0.6271208333333332 0.8522734375000001 0.5634666666666667
1 0.94318125 0.5571979166666666 0.9443187500000001 0.62560625 0.9795453125 0.6240895833333333 0.9795453125 0.5528562499999999
3 0.28693124999999997 0.6083333333333333 0.42613593749999995 0.5968104166666667 0.4238640625 0.6771354166666667 0.39659062500000003 0.65591875 0.3420453125 0.6665270833333333 0.2852265625 0.6771354166666667
3 0.47585156250000005 0.595075 0.60681875 0.5846854166666666 0.6 0.65591875 0.4738640625 0.66198125
3 0.7136359375 0.5725604166666667 0.81818125 0.5664979166666666 0.822728125 0.622575 0.7170453125 0.6271208333333332
3 0.8480109375 0.5685604166666667 0.947728125 0.5604354166666667 0.947728125 0.6301520833333334 0.8511359374999999 0.6301520833333334
