3 0.302734375 0.6458333333333334 0.3017578125 0.58984375 0.3955078125 0.5846354166666666 0.39453125 0.6393229166666666
3 0.4521484375 0.5859375 0.55078125 0.5794270833333334 0.548828125 0.6315104166666666 0.4501953125 0.6328125
1 0.240234375 0.5703125 0.3056640625 0.5677083333333334 0.3037109375 0.6432291666666666 0.2412109375 0.6432291666666666
1 0.3984375 0.5703125 0.455078125 0.5690104166666666 0.4521484375 0.6419270833333334 0.3955078125 0.640625
1 0.548828125 0.5651041666666666 0.5966796875 0.5638020833333334 0.595703125 0.6354166666666666 0.544921875 0.6328125
2 0.2421875 0.5729166666666666 0.5966796875 0.5638020833333334 0.595703125 0.6380208333333334 0.2421875 0.64453125
2 0.6259765625 0.5520833333333334 0.8994140625 0.546875 0.8984375 0.6080729166666666 0.6259765625 0.6158854166666666
1 0.6240234375 0.5572916666666666 0.6650390625 0.55078125 0.6669921875 0.6145833333333334 0.6181640625 0.6145833333333334
1 0.759765625 0.55078125 0.7900390625 0.5494791666666666 0.7861328125 0.61328125 0.7548828125 0.61328125
1 0.86328125 0.5455729166666666 0.8984375 0.54296875 0.8994140625 0.6158854166666666 0.865234375 0.6067708333333334 0.861328125 0.5455729166666666
3 0.66796875 0.6184895833333334 0.6708984375 0.5703125 0.755859375 0.5638020833333334 0.755859375 0.609375
3 0.78515625 0.60546875 0.791015625 0.5677083333333334 0.86328125 0.55859375 0.8623046875 0.6041666666666666
