2 0.21220937499999998 0.5749354166666667 0.5775187500000001 0.5646 0.5775187500000001 0.6266145833333333 0.2189921875 0.6472874999999999
2 0.6122156249999999 0.5496208333333333 0.8681812499999999 0.549825 0.865909375 0.60741875 0.615909375 0.61348125
1 0.2144890625 0.5723479166666666 0.27840937499999996 0.5695291666666668 0.2829546875 0.6453083333333333 0.21704531249999998 0.6544020833333334
1 0.38068124999999997 0.5723479166666666 0.3829546875 0.6407624999999999 0.4329546875 0.64379375 0.43181875 0.5680125
1 0.5397734375 0.5647729166666667 0.5375 0.6362145833333333 0.578409375 0.6331833333333333 0.5772734374999999 0.5634666666666667
1 0.6443187499999999 0.5437624999999999 0.5920453125 0.5483104166666667 0.59431875 0.60135625 0.6193187499999999 0.6149958333333333 0.6443187499999999 0.6089333333333333
1 0.7357953125 0.5458333333333333 0.734090625 0.6149958333333333 0.7636359374999999 0.6165125 0.7636359374999999 0.549825
1 0.83380625 0.5439395833333334 0.86931875 0.5452791666666666 0.86931875 0.60135625 0.8420453125 0.6028708333333334
3 0.2698859375 0.5875 0.38181875 0.5801375 0.384090625 0.6407624999999999 0.2738640625 0.6407624999999999
3 0.42897656250000005 0.57803125 0.5363640625 0.5725604166666667 0.5397734375 0.6286375 0.43068125 0.63166875
3 0.6420453125 0.5571979166666666 0.7329546875 0.5543729166666667 0.7386359375 0.5983250000000001 0.6488640625000001 0.60741875
3 0.7613640625 0.5553020833333334 0.8397734375000001 0.5528562499999999 0.84318125 0.6059041666666667 0.75681875 0.6059041666666667
