2 0.1937984375 0.5865625 0.6036828125 0.5749354166666667 0.6056203124999999 0.6589145833333333 0.189921875 0.6705416666666667
1 0.1943359375 0.58984375 0.2646484375 0.5885416666666666 0.2705078125 0.6731770833333334 0.193359375 0.67578125
1 0.3828125 0.5833333333333334 0.439453125 0.58203125 0.439453125 0.6627604166666666 0.40234375 0.6627604166666666 0.384765625 0.6614583333333334
1 0.5537109375 0.578125 0.60546875 0.5768229166666666 0.6025390625 0.65625 0.552734375 0.6575520833333334
1 0.6416015625 0.55859375 0.6904296875 0.5598958333333334 0.6875 0.62890625 0.6455078125 0.6341145833333334
1 0.783203125 0.55859375 0.8134765625 0.55859375 0.818359375 0.625 0.7919921875 0.6263020833333334
1 0.900390625 0.5533854166666666 0.9443359375 0.5533854166666666 0.9443359375 0.6197916666666666 0.90234375 0.6184895833333334
3 0.9033203125 0.5716145833333334 0.8251953125 0.5729166666666666 0.8232421875 0.625 0.904296875 0.6236979166666666
3 0.783203125 0.5846354166666666 0.685546875 0.5794270833333334 0.68359375 0.6236979166666666 0.78125 0.6197916666666666
3 0.443359375 0.5911458333333334 0.5458984375 0.5924479166666666 0.546875 0.6484375 0.443359375 0.6549479166666666
3 0.3759765625 0.59375 0.263671875 0.59375 0.2626953125 0.6653645833333334 0.375 0.65625
2 0.6337890625 0.55859375 0.9404296875 0.5494791666666666 0.9423828125 0.62109375 0.6337890625 0.625
