2 0.1908921875 0.5749354166666667 0.5339140625 0.5581395833333332 0.537790625 0.6253229166666666 0.19864375 0.6408270833333333
1 0.19318125 0.5742416666666668 0.253409375 0.57710625 0.253409375 0.6498562499999999 0.19431875 0.6513708333333333
1 0.3551140625 0.5666666666666667 0.3522734375 0.6331833333333333 0.4 0.6271208333333332 0.3954546875 0.5604354166666667
1 0.497159375 0.5590916666666667 0.49659062499999995 0.62560625 0.5375 0.622575 0.5352265625 0.5604354166666667
1 0.5625 0.5452791666666666 0.5954546875 0.5452791666666666 0.59431875 0.6028708333333334 0.5613640625 0.6059041666666667
1 0.6676140625 0.5420458333333333 0.6704546875 0.5937791666666666 0.6897734375 0.5937791666666666 0.6897734375 0.54073125
1 0.7585234375 0.5401520833333334 0.7613640625 0.5877166666666667 0.78181875 0.58923125 0.78181875 0.5437624999999999
2 0.5596593750000001 0.5458333333333333 0.78181875 0.54073125 0.78181875 0.5922625 0.5602265625 0.60741875
3 0.5965906249999999 0.5553020833333334 0.6795453124999999 0.5513416666666667 0.678409375 0.5998416666666666 0.5897734375 0.5998416666666666
3 0.6931812500000001 0.5534083333333334 0.765909375 0.5452791666666666 0.7670453125 0.5937791666666666 0.690909375 0.59529375
3 0.40056875 0.5742416666666668 0.49659062499999995 0.5680125 0.4977265625 0.6180270833333333 0.3988640625 0.6271208333333332
3 0.2428984375 0.58181875 0.365909375 0.5695291666666668 0.3636359375 0.6347 0.24090937499999998 0.63773125
