2 0.240234375 0.5716145833333334 0.59375 0.5638020833333334 0.59375 0.6354166666666666 0.2373046875 0.65234375
2 0.6376953125 0.5546875 0.90234375 0.5455729166666666 0.9013671875 0.6080729166666666 0.6328125 0.6197916666666666
1 0.2412109375 0.5755208333333334 0.3037109375 0.5703125 0.3017578125 0.6458333333333334 0.2421875 0.6484375
1 0.4013671875 0.5703125 0.451171875 0.5703125 0.4501953125 0.6419270833333334 0.3984375 0.6419270833333334
1 0.5458984375 0.5716145833333334 0.59765625 0.56640625 0.595703125 0.62890625 0.5458984375 0.6341145833333334
1 0.634765625 0.546875 0.662109375 0.5481770833333334 0.6669921875 0.6184895833333334 0.626953125 0.6197916666666666
1 0.748046875 0.546875 0.7880859375 0.5481770833333334 0.7861328125 0.6080729166666666 0.7568359375 0.609375
1 0.86328125 0.546875 0.8994140625 0.5481770833333334 0.89453125 0.6041666666666666 0.865234375 0.6041666666666666
3 0.6689453125 0.6184895833333334 0.671875 0.5690104166666666 0.7470703125 0.5625 0.7548828125 0.6028645833333334
3 0.78515625 0.609375 0.7880859375 0.5651041666666666 0.859375 0.5625 0.865234375 0.6028645833333334
3 0.5478515625 0.6276041666666666 0.5498046875 0.5846354166666666 0.4521484375 0.5859375 0.4501953125 0.6380208333333334
