2 0.2567828125 0.5710604166666666 0.587209375 0.5594312499999999 0.587209375 0.6227395833333333 0.25775156250000003 0.64211875
1 0.25568124999999997 0.5685604166666667 0.31931875 0.5664979166666666 0.31931875 0.6331833333333333 0.2625 0.64379375
1 0.41477343749999995 0.5628791666666667 0.415909375 0.6347 0.4579546875 0.6286375 0.459090625 0.5543729166666667
1 0.5454546875 0.5571979166666666 0.5454546875 0.6286375 0.5852265625 0.62560625 0.5852265625 0.55891875
1 0.6107953125 0.5458333333333333 0.64318125 0.5437624999999999 0.64318125 0.6089333333333333 0.6125 0.6043875
1 0.71875 0.5496208333333333 0.7204546875 0.5998416666666666 0.7420453124999999 0.6043875 0.74318125 0.5392166666666667
1 0.8082390625 0.5458333333333333 0.8045453124999999 0.5968104166666667 0.8375 0.5968104166666667 0.8329546875 0.5377
3 0.3011359375 0.5837125000000001 0.41477343749999995 0.5755916666666666 0.4125 0.6331833333333333 0.3022734375 0.6392458333333334
3 0.45170468750000003 0.5704541666666666 0.5522734375 0.5664979166666666 0.5488640625000001 0.6240895833333333 0.4522734375 0.6271208333333332
3 0.6420453125 0.5609854166666667 0.7159093750000001 0.5543729166666667 0.71818125 0.6043875 0.635228125 0.6043875
3 0.7443187499999999 0.5553020833333334 0.8125 0.5558875000000001 0.8113640625 0.6028708333333334 0.7375 0.6043875
2 0.6079546875 0.5439395833333334 0.8295453125 0.549825 0.8306812499999999 0.5937791666666666 0.6045453125 0.6059041666666667
