2 0.29845 0.57751875 0.6637593749999999 0.5671833333333333 0.664728125 0.63695 0.302325 0.6459958333333333
1 0.29829531249999997 0.5742416666666668 0.35681875 0.5664979166666666 0.36022656249999996 0.646825 0.3011359375 0.6407624999999999
1 0.46022656250000005 0.5723479166666666 0.5170453125 0.5695291666666668 0.5147734374999999 0.646825 0.4625 0.6528875000000001 0.45681874999999994 0.5664979166666666
1 0.61818125 0.57104375 0.6670453125 0.5664979166666666 0.6647734375 0.64379375 0.6102265625000001 0.63773125
1 0.6960234375 0.5628791666666667 0.7306812500000001 0.5574041666666666 0.7295453125 0.61348125 0.690909375 0.6180270833333333
1 0.8267046875 0.5515145833333333 0.8295453125 0.62560625 0.86931875 0.6180270833333333 0.865909375 0.55891875
1 0.9556812499999999 0.549825 0.959090625 0.6180270833333333 0.99431875 0.61954375 0.9984375 0.5558875000000001
3 0.7329546875 0.5816541666666667 0.8193187500000001 0.5755916666666666 0.834090625 0.61954375 0.7306812500000001 0.6180270833333333
3 0.86931875 0.57104375 0.9522734375 0.56498125 0.95681875 0.6210583333333334 0.8670453124999999 0.6240895833333333
2 0.6931812500000001 0.5571979166666666 0.996590625 0.5543729166666667 0.996590625 0.6240895833333333 0.696590625 0.622575
