2 0.2480625 0.5813958333333333 0.6443796875000001 0.57751875 0.6424421875 0.6589145833333333 0.2441859375 0.6550395833333333
1 0.2428984375 0.5761354166666667 0.3022734375 0.5786229166666667 0.3011359375 0.6665270833333333 0.2386359375 0.66198125
1 0.42045468750000003 0.5799249999999999 0.48068125000000006 0.5816541666666667 0.4738640625 0.6574333333333333 0.4170453125 0.65895
1 0.5965906249999999 0.5799249999999999 0.65 0.5755916666666666 0.6511359375 0.65591875 0.5988640625 0.65895
1 0.6974437499999999 0.5571979166666666 0.7386359375 0.5604354166666667 0.7363640625000001 0.6392458333333334 0.6863640625 0.6392458333333334
1 0.8451703125 0.5609854166666667 0.8511359374999999 0.6362145833333333 0.8931812499999999 0.63773125 0.8931812499999999 0.57104375
3 0.3079546875 0.6043875 0.41363593749999994 0.5983250000000001 0.4125 0.66198125 0.3022734375 0.65591875
3 0.48011406250000005 0.595075 0.5965906249999999 0.58923125 0.5965906249999999 0.6513708333333333 0.475 0.6528875000000001
3 0.7386359375 0.57803125 0.8545453125 0.5755916666666666 0.8545453125 0.6362145833333333 0.7363640625000001 0.6331833333333333
3 0.89630625 0.58560625 0.990909375 0.5816541666666667 0.9931812499999999 0.62560625 0.8897734375 0.6301520833333334
