2 0.20154999999999998 0.5749354166666667 0.5581390625 0.5607229166666666 0.5591078125 0.62790625 0.1967046875 0.6498708333333333
2 0.5732421875 0.546875 0.830078125 0.5494791666666666 0.833984375 0.6015625 0.5849609375 0.61328125
1 0.1875 0.5768229166666666 0.2548828125 0.5729166666666666 0.2578125 0.6510416666666666 0.19140625 0.6497395833333334
1 0.365234375 0.5755208333333334 0.4150390625 0.5716145833333334 0.4150390625 0.6432291666666666 0.361328125 0.6458333333333334
1 0.51171875 0.5677083333333334 0.560546875 0.5677083333333334 0.560546875 0.63671875 0.5107421875 0.6315104166666666
1 0.583984375 0.5520833333333334 0.6279296875 0.55078125 0.6259765625 0.6145833333333334 0.5810546875 0.6145833333333334 0.580078125 0.5546875
1 0.701171875 0.55078125 0.73828125 0.55078125 0.73828125 0.60546875 0.7060546875 0.6067708333333334
1 0.7919921875 0.5455729166666666 0.8330078125 0.5455729166666666 0.8359375 0.59375 0.7958984375 0.59375
3 0.736328125 0.5611979166666666 0.8017578125 0.5611979166666666 0.80078125 0.6002604166666666 0.7353515625 0.6028645833333334
3 0.6318359375 0.5611979166666666 0.701171875 0.5572916666666666 0.7021484375 0.5963541666666666 0.626953125 0.6080729166666666
3 0.419921875 0.58203125 0.5068359375 0.5768229166666666 0.505859375 0.6263020833333334 0.41796875 0.6341145833333334
3 0.3642578125 0.58203125 0.2548828125 0.5872395833333334 0.251953125 0.6458333333333334 0.3642578125 0.640625
