2 0.2044578125 0.5788104166666667 0.6027125 0.5671833333333333 0.6065890625 0.6434104166666667 0.2083328125 0.6640833333333334
1 0.201171875 0.58203125 0.2744140625 0.5755208333333334 0.2783203125 0.6627604166666666 0.20703125 0.6627604166666666
1 0.392578125 0.5768229166666666 0.4384765625 0.5768229166666666 0.4365234375 0.6536458333333334 0.3876953125 0.6549479166666666
1 0.546875 0.5729166666666666 0.6025390625 0.5716145833333334 0.603515625 0.6484375 0.5498046875 0.65234375
3 0.2724609375 0.5963541666666666 0.3916015625 0.59375 0.3896484375 0.65234375 0.2783203125 0.65625
3 0.4365234375 0.59765625 0.548828125 0.5872395833333334 0.5498046875 0.6432291666666666 0.44140625 0.6497395833333334
3 0.685546875 0.57421875 0.765625 0.5729166666666666 0.7724609375 0.6145833333333334 0.6806640625 0.6236979166666666
3 0.8154296875 0.57421875 0.87890625 0.5690104166666666 0.87890625 0.6106770833333334 0.80859375 0.6145833333333334
1 0.6396484375 0.5559895833333334 0.681640625 0.55859375 0.6826171875 0.6236979166666666 0.6376953125 0.6223958333333334
1 0.765625 0.5572916666666666 0.8076171875 0.5533854166666666 0.8056640625 0.6171875 0.7705078125 0.62109375
1 0.8818359375 0.5546875 0.9248046875 0.55078125 0.927734375 0.6106770833333334 0.88671875 0.6119791666666666
2 0.6376953125 0.5572916666666666 0.927734375 0.55078125 0.9287109375 0.625 0.63671875 0.6315104166666666
