3 0.3375 0.38613958333333337 0.471590625 0.3437041666666667 0.4727265625 0.42100000000000004 0.3352265625 0.46040416666666667
3 0.5184656249999999 0.3261354166666666 0.6193187499999999 0.3012666666666667 0.6204546875 0.36643749999999997 0.515909375 0.39978125000000003
2 0.27556875000000003 0.36212083333333334 0.6534093750000001 0.27701666666666663 0.6579546875 0.36795416666666664 0.28068125 0.4816229166666667
1 0.46732968750000003 0.31666666666666665 0.5193187499999999 0.30732916666666665 0.51818125 0.4073583333333334 0.4727265625 0.41796875
1 0.6136359375 0.28762708333333337 0.6613640625 0.27853333333333335 0.6579546875 0.38007916666666663 0.6170453124999999 0.37704791666666665
1 0.32727343750000004 0.35279791666666666 0.2761359375 0.36946875 0.24772656249999997 0.3558291666666667 0.24431875 0.44676458333333335 0.28181875 0.47404583333333333 0.3375 0.46192083333333334
1 0.1761359375 0.30909166666666665 0.20909062500000003 0.324 0.2045453125 0.41645208333333333 0.16818125 0.39675
1 0.11931875 0.2787875 0.1386359375 0.28611041666666664 0.14204531250000002 0.3649229166666667 0.121590625 0.35279791666666666
1 0.3125 0.47386458333333337 0.35568125 0.4634354166666667 0.3625 0.56195 0.31818124999999997 0.574075 0.275 0.5361854166666667 0.2795453125 0.4694979166666667
1 0.465909375 0.42840833333333334 0.5125 0.41796875 0.5147734374999999 0.5013270833333333 0.46136406250000006 0.5210291666666667
1 0.5894890625 0.39810625 0.6329546875000001 0.38007916666666663 0.6329546875000001 0.4634354166666667 0.5977265625 0.47556041666666665
