2 0.239340625 0.5852708333333333 0.6424421875 0.5788104166666667 0.6414734375 0.6550395833333333 0.239340625 0.6589145833333333
1 0.2375 0.5846854166666666 0.29545468750000003 0.5801375 0.29431875 0.66804375 0.23409062500000002 0.6695583333333333
1 0.41193125 0.58181875 0.465909375 0.5816541666666667 0.471590625 0.66804375 0.4125 0.6650125
1 0.578125 0.58181875 0.640909375 0.5801375 0.6363640625 0.6604645833333334 0.5818187499999999 0.6604645833333334
1 0.6860796875 0.5571979166666666 0.7329546875 0.5604354166666667 0.7352265625000001 0.6347 0.6875 0.6392458333333334
1 0.8451703125 0.5590916666666667 0.890909375 0.5604354166666667 0.8863640625 0.6362145833333333 0.8465906249999999 0.6347
3 0.303409375 0.6028708333333334 0.41363593749999994 0.60135625 0.415909375 0.6498562499999999 0.2875 0.6483395833333333 0.2795453125 0.6043875
3 0.46306875 0.595075 0.5852265625 0.5937791666666666 0.584090625 0.6498562499999999 0.471590625 0.65591875
3 0.734090625 0.58316875 0.8386359375 0.5816541666666667 0.84318125 0.63166875 0.728409375 0.63166875
3 0.8863640625 0.57803125 0.9920453124999999 0.5816541666666667 0.9954546875 0.6240895833333333 0.884090625 0.6331833333333333
